extract time: 2205.722791671753

HuMoments
Time: 96.92076778411865
Top 1 accuracy: 13.38%
Top 1 success: 13.38%
Top 3 accuracy: 13.296666666666667%
Top 3 success: 33.68%
Top 5 accuracy: 13.106%
Top 5 success: 48.01%
Top 10 accuracy: 13.041%
Top 10 success: 70.2%

    airplane  automobile        bird         cat        deer         dog        frog       horse        ship       truck
        2064         640        1271         751         995         772         865         812        1220         610
         790        1203         842         999         975        1045         907        1060        1018        1161
        1335         863        1189         944        1094         975         979         872         940         809
         813        1041         999        1195         949        1038        1017        1021         858        1069
        1026         961        1096         879        1160         994        1011        1035         936         902
         915        1036         994        1074         956        1153        1018         998         923         933
         976         902        1078         976        1123        1045        1069         993         900         938
         911        1031         929         950        1011         990         960        1083        1034        1101
        1214         945         896         818         879         904         820         930        1557        1037
         751        1183         809         997         932         967         882        1143         968        1368

SIFT
Time: 1850.210683107376
Top 1 accuracy: 19.65%
Top 1 success: 19.65%
Top 3 accuracy: 18.216666666666665%
Top 3 success: 41.51%
Top 5 accuracy: 17.818%
Top 5 success: 55.3%
Top 10 accuracy: 17.029%
Top 10 success: 74.39%

    airplane  automobile        bird         cat        deer         dog        frog       horse        ship       truck
        2888         505        1310         551         709         505         725         542        1748         517
        1051        1649         867         735         787         820        1107         720        1229        1035
        1751         592        1599         717         967         750        1055         720        1248         601
        1012         732        1002        1187         953        1125        1243         903        1015         828
        1199         678        1215         829        1202         951        1234         940        1026         726
         921         634        1064        1137         945        1466        1406         819         889         719
         978         746        1123         963        1002        1119        1768         720         852         729
        1165         689        1067         875        1091         930        1072        1303         903         905
        1704         689         988         687         714         699         764         509        2571         675
         980        1092         853         868         892         868        1058         903        1090        1396

HOG_CIFAR_default
Time: 132.0349986553192
Top 1 accuracy: 35.92%
Top 1 success: 35.92%
Top 3 accuracy: 33.776666666666664%
Top 3 success: 60.98%
Top 5 accuracy: 32.858%
Top 5 success: 72.82%
Top 10 accuracy: 31.418%
Top 10 success: 85.08%

    airplane  automobile        bird         cat        deer         dog        frog       horse        ship       truck
        2717        1189         901         447         793         289         866         479        1771         548
         781        4099         395         296         550         194         719         333        1424        1209
         599         451        2176        1054        1079        1179        1767         786         415         494
         256         377         968        1714        1511        1680        1486        1006         259         743
         435         499         791        1049        2290        1083        1394        1268         419         772
         149         190         960        1531        1329        2676        1265        1238         181         481
         283         432         828         808         930         755        4879         520         225         340
         253         380         628         941        1502        1290         836        3209         214         747
        1546        1802         406         284         569         181         407         331        3375        1099
         395        1251         337         491         810         431         480         651         871        4283

HOG_CIFAR_8x8x16x16
Time: 710.0197777748108
Top 1 accuracy: 51.29%
Top 1 success: 51.29%
Top 3 accuracy: 46.586666666666666%
Top 3 success: 70.5%
Top 5 accuracy: 44.86%
Top 5 success: 78.76%
Top 10 accuracy: 42.147%
Top 10 success: 87.58%

    airplane  automobile        bird         cat        deer         dog        frog       horse        ship       truck
        3763         686         806         310        1051         222         810         372        1434         546
         227        6288         148         127         396          79         855         112         783         985
         378         285        2865         655        1544         859        2222         495         294         403
         136         327         778        1616        1771        1145        2688         681         232         626
         236         294         730         649        3859         546        2217         746         209         514
          57         139         759        1153        1576        2527        2416         777         160         436
          71         255         443         378         744         452        7114         170         132         241
         114         146         516         490        1669         684        1215        4503         161         502
         941        1397         291         171         570         140         566         250        4590        1084
         252        1035         291         294         798         247        1023         388         650        5022

HOG_CIFAR_4x4x8x8
Time: 2409.6079936027527
Top 1 accuracy: 49.83%
Top 1 success: 49.83%
Top 3 accuracy: 45.2%
Top 3 success: 68.19%
Top 5 accuracy: 43.02%
Top 5 success: 76.3%
Top 10 accuracy: 40.048%
Top 10 success: 85.73%

    airplane  automobile        bird         cat        deer         dog        frog       horse        ship       truck
        3409         643         859         258        1196         153        1319         306        1445         412
         332        6353         174          99         377          49         923          88         875         730
         400         225        2735         513        1636         625        2842         410         365         249
         164         280         862        1390        1773         801        3525         508         306         391
         273         227         896         434        3673         329        2940         666         296         266
          83         138         840         875        1638        1858        3530         597         150         291
          68         189         466         246         726         251        7668         108         137         141
         150         124         590         356        1674         483        1566        4566         202         289
        1157        1251         400         171         744         102         772         313        4371         719
         395        1144         390         242        1022         176        1492         333         781        4025

HOG_CIFAR_4x4x16x16
Time: 1843.3456087112427
Top 1 accuracy: 54.75%
Top 1 success: 54.75%
Top 3 accuracy: 50.29333333333334%
Top 3 success: 72.46%
Top 5 accuracy: 47.908%
Top 5 success: 79.71%
Top 10 accuracy: 44.845%
Top 10 success: 88.21%

    airplane  automobile        bird         cat        deer         dog        frog       horse        ship       truck
        4243         599         762         198         854         138         855         267        1641         443
         247        6736         106          79         313          48         752          77         775         867
         449         293        3246         552        1359         638        2341         418         400         304
         169         341         780        1553        1725         907        3036         565         312         612
         276         286         719         534        3829         398        2517         684         306         451
          74         166         783        1066        1606        2210        2831         683         186         395
          96         215         387         285         576         277        7711         102         187         164
         114         129         507         397        1450         442        1259        5106         176         420
        1039        1328         283         153         473         104         553         181        5100         786
         310        1187         237         223         707         163        1050         250         762        5111