Time: 369.60659646987915
Top 1 accuracy: 11.79%
Top 1 success: 11.79%
Top 3 accuracy: 11.546666666666667%
Top 3 success: 22.96%
Top 5 accuracy: 11.472%
Top 5 success: 29.59%
Top 10 accuracy: 11.956%
Top 10 success: 41.03%

    airplane  automobile        bird         cat        deer         dog        frog       horse        ship       truck
        4533        1992        1232         853         440         255         154         190         219         132
        3316        2786        1175        1131         512         427         233         130         165         125
        3417        2526        1424        1081         408         418         227         165         191         143
        3071        2527        1329        1325         540         464         235         164         186         159
        3024        2517        1499        1275         530         453         242         131         167         162
        2964        2501        1438        1357         485         540         223         137         213         142
        2917        2612        1500        1247         513         499         256         131         190         135
        3208        2422        1379        1194         570         474         240         167         206         140
        3704        2365        1178        1144         478         345         218         153         248         167
        3047        2539        1366        1260         625         429         238         186         163         147


Train set
Top 1 accuracy: 11.736%
Top 1 success: 11.736%
Top 3 accuracy: 11.642%
Top 3 success: 22.992%
Top 5 accuracy: 11.766%
Top 5 success: 29.814%
Top 10 accuracy: 12.0408%
Top 10 success: 41.694%

    airplane  automobile        bird         cat        deer         dog        frog       horse        ship       truck
       22191       10132        5966        4322        2135        1689         930         809        1096         730
       15619       14115        6103        5689        2698        1963        1278         799         943         793
       17825       11808        7091        5321        2487        1886        1115         807        1015         645
       15119       12469        6773        6682        2750        2474        1188         754        1070         721
       14798       12615        7349        6213        2997        2239        1189         778        1056         766
       14507       12686        6975        6476        2687        2887        1200         734        1079         769
       14785       13425        7091        6134        2637        2338        1272         691         910         717
       15824       12183        7107        6094        2968        2167        1207         878         888         684
       18215       11858        5904        5447        2562        1952        1037         845        1304         876
       15150       13406        6326        6105        3001        2230        1257         817         921         787